1790142439
6556600737
7042917526
6572833821
5790587025
6156929114
5609343283
1328804438
6448376346
6755482542
5007964276
6693425325
6992215650
7420553489
7380416259
5080540835
7126959014
5776115492
5776273389
7114293899
6670414095
7006556637
5961405999
7034919402
7430954418
7108837449
6786008623
6467027123
6549570337
6160157264
7348018791
6809007713
6772705857
7184117023
7140941574
7302030747
7519884294
7442560818
7249294068
6621836514
6321697030
6577333930
6844989428
7369966500
1017326740
5910791200
1788381910
1370839704
7079802116
7103907228
1955006469
6258885941
6981563142
5035601557
1083265569
7095299986
7263912720
7454508360
7098910187
7509244778
7256721999
7379575373
7330786287
7346857720
7370900232
6820419613
6349653122
7215167350
7545040965
7025036741
7020877740
7530808631
6588508360
7194562848
7383406348
7441502121
7528318833
7356490735
5045686034
6714270414
6962531246
7462784117
7440104499
5072860542
7424007774
6591436297
2044848171
7258094191
1615847199
7179175336
7482031502
7316275961
6152641604
7239940793
6955045267
7539847802
7398256886
7288033680
7427083219
7231676498
7278045780
7223644994
1812164809
7540458075
7028655103
7474660695
6910175477
6600565128
7333596196
7286300400
6320244095
7589839447
7691551753
7572949723
7771906299
7701484144
6837555136
7607453943
7799171791
7444007390
7601247289
7870859423
7623213581
8176914776
6726869021
7704306135
8025933790
7586588636
7773243265
7842241303
8039094293
8022711088
7683970112
8002345947
7796767882
7033471510
7681544554
7667705078
7910454988
7479491413
7802905427
7883503752
8123808360
7357726700
7260193113
7706781566
7938687923
7011305929
7667784578
7850600271
7863075262
8013084569
7804113126
7978553368
7774760445
7489793338
7693424953
7091369674
7720382324
7756026850
7535195507
7272491029
8090990690
8121546752
7770579770
7783373297
8006082384
5973050781
7852880683
7820487104
7447809338
8171338594
7852571534
8163150278
7937084185
7371000275
7865396055
7672696309
7628127513
7826550736
7594793202
8167908993
7894839520
7831319091
7805592245
7543179526